10135	23.00
10136	1.00
10140	2.00
10146	13.00
10155	9.00
10157	11.00
10158	45.00
10170	54.00
10185	1.00
10208	1.00
10257	12.00
10268	2.00
10279	58.00
10299	160.00
10372	7.00
10397	5.00
10408	146.00
10423	87.00
10431	152.00
10434	15.00
10469	1.00
10529	61.00
10551	9.00
10561	14.00
10599	17.00
10620	5.00
10627	5.00
10631	4.00
10666	20.00
10685	81.00
10693	5.00
10713	48.00
10721	1.00
10728	35.00
10731	1.00
10732	3.00
10747	51.00
10754	22.00
10779	12.00
10781	1.00
10785	61.00
10792	3.00
10800	13.00
10821	28.00
10849	214.00
10868	113.00
10874	29.00
10918	15.00
10930	46.00
10980	32.00
10990	24.00
10994	16.00
11003	9.00
11013	3.00
11041	21.00
11042	9.00
11049	11.00
11057	5.00
11066	13.00
11067	23.00
11076	69.00
11097	25.00
11109	10.00
11111	39.00
11122	2.00
11140	3.00
11146	9.00
11150	19.00
11193	21.00
11203	89.00
11252	21.00
11259	39.00
11267	14.00
11274	83.00
11278	20.00
11292	268.00
11298	4.00
11308	91.00
11315	175.00
11337	79.00
11413	16.00
11423	27.00
11433	4.00
11447	13.00
11471	12.00
11481	7.00
11503	124.00
11525	11.00
11537	31.00
11540	15.00
11577	4.00
11587	245.00
11603	94.00
11612	17.00
11618	58.00
11637	22.00
11638	41.00
11641	9.00
11648	31.00
11695	5.00
11697	4.00
11721	1.00
11775	110.00
11778	93.00
11823	68.00
11865	17.00
11867	22.00
11884	22.00
11898	7.00
11905	92.00
11921	11.00
11953	2.00
11973	7.00
11977	3.00
11980	5.00
11982	3.00
11986	76.00
11995	176.00
11996	43.00
12003	12.00
12007	42.00
12012	154.00
12094	3.00
12129	19.00
12156	28.00
12173	133.00
12177	73.00
12191	83.00
12197	67.00
12206	33.00
12217	34.00
12255	13.00
12264	3.00
12266	21.00
12278	2.00
12280	27.00
12320	5.00
12335	69.00
12339	69.00
12389	26.00
12391	20.00
12402	1.00
12441	4.00
12448	43.00
12451	6.00
12478	17.00
12511	12.00
12519	89.00
12523	2.00
12758	10.00
12819	34.00
12884	47.00
12888	49.00
12889	16.00
12891	12.00
12892	43.00
12896	25.00
12898	2.00
12915	10.00
12945	6.00
12951	79.00
12953	34.00
12954	5.00
12982	10.00
12992	7.00
13029	1.00
13061	9.00
13076	50.00
13158	33.00
13184	6.00
13198	26.00
13204	5.00
13230	3.00
13232	91.00
13241	246.00
13244	14.00
13256	2.00
13264	38.00
13277	18.00
13290	2.00
13296	7.00
13303	44.00
13342	84.00
13344	81.00
13367	20.00
13377	40.00
13388	27.00
13422	8.00
13433	61.00
13459	175.00
13476	32.00
13485	3.00
13486	4.00
13487	5.00
13495	1.00
13502	24.00
13577	7.00
13795	2.00
13796	5.00
13830	43.00
13851	2.00
13871	6.00
13873	8.00
13891	7.00
13930	60.00
13931	11.00
13964	30.00
14025	9.00
14027	6.00
14057	14.00
14098	15.00
14100	9.00
14107	1.00
14108	48.00
14113	5.00
14122	22.00
14193	6.00
14252	5.00
14256	3.00
14262	110.00
14288	59.00
14307	22.00
14321	12.00
14457	30.00
14487	4.00
14489	51.00
14492	10.00
14520	7.00
14524	63.00
14543	4.00
14570	24.00
14574	109.00
14576	60.00
14588	2.00
14633	1.00
14635	5.00
14674	17.00
14679	39.00
14683	2.00
14685	19.00
14689	3.00
14696	101.00
14698	21.00
14709	3.00
14711	3.00
14730	6.00
14747	9.00
14771	10.00
14783	12.00
14794	3.00
14814	14.00
14828	24.00
14831	54.00
14842	5.00
14843	131.00
14869	6.00
14893	34.00
14908	1.00
14952	24.00
14960	1.00
14986	13.00
15008	76.00
15016	36.00
15024	7.00
15041	13.00
15048	18.00
15070	7.00
15096	7.00
15249	4.00
15295	25.00
15304	4.00
15323	1.00
15356	9.00
15370	31.00
15376	76.00
15380	78.00
15389	7.00
15401	12.00
15411	149.00
15412	12.00
15582	3.00
15624	5.00
15919	17.00
15991	3.00
16218	11.00
