10135	13.00
10136	29.00
10140	19.00
10158	10.00
10170	54.00
10185	55.00
10208	9.00
10257	20.00
10268	6.00
10279	20.00
10299	4.00
10372	5.00
10397	73.00
10423	4.00
10431	2.00
10434	11.00
10469	84.00
10529	10.00
10561	19.00
10599	6.00
10620	5.00
10627	2.00
10666	20.00
10685	66.00
10693	1.00
10713	4.00
10721	9.00
10728	21.00
10731	187.00
10732	5.00
10739	6.00
10747	39.00
10781	2.00
10785	87.00
10792	1.00
10800	38.00
10821	41.00
10849	58.00
10868	6.00
10874	83.00
10918	15.00
10926	1.00
10980	7.00
10990	123.00
10994	5.00
11003	10.00
11013	3.00
11041	4.00
11042	7.00
11049	18.00
11057	118.00
11066	4.00
11067	31.00
11076	18.00
11109	35.00
11111	48.00
11122	98.00
11140	27.00
11146	12.00
11193	1.00
11203	6.00
11252	21.00
11259	46.00
11267	20.00
11274	12.00
11278	2.00
11292	9.00
11298	7.00
11337	177.00
11413	22.00
11423	130.00
11433	4.00
11447	114.00
11471	264.00
11503	1.00
11537	46.00
11540	25.00
11577	70.00
11587	35.00
11603	31.00
11612	6.00
11618	15.00
11630	2.00
11637	15.00
11638	3.00
11648	27.00
11695	112.00
11697	4.00
11721	96.00
11775	22.00
11778	4.00
11823	129.00
11867	22.00
11884	10.00
11921	5.00
11953	2.00
11973	2.00
11977	15.00
11980	7.00
11982	7.00
11986	102.00
11995	4.00
11996	10.00
12003	2.00
12007	42.00
12012	154.00
12016	22.00
12094	12.00
12156	6.00
12173	9.00
12177	73.00
12191	29.00
12197	23.00
12206	10.00
12217	34.00
12255	13.00
12264	31.00
12265	38.00
12266	1.00
12278	31.00
12280	94.00
12320	5.00
12339	20.00
12389	52.00
12391	13.00
12402	11.00
12441	61.00
12448	7.00
12451	19.00
12478	149.00
12511	12.00
12523	5.00
12758	29.00
12819	34.00
12884	25.00
12889	10.00
12892	7.00
12896	28.00
12945	16.00
12951	1.00
12953	1.00
12954	91.00
12982	17.00
12992	7.00
13029	107.00
13061	9.00
13076	43.00
13158	11.00
13184	62.00
13198	33.00
13204	15.00
13230	26.00
13232	23.00
13244	171.00
13256	126.00
13264	3.00
13277	11.00
13290	111.00
13296	2.00
13303	33.00
13342	28.00
13344	81.00
13367	129.00
13377	9.00
13422	36.00
13433	8.00
13476	98.00
13485	159.00
13486	7.00
13487	23.00
13495	13.00
13502	5.00
13577	12.00
13795	33.00
13796	58.00
13830	11.00
13851	15.00
13871	41.00
13873	8.00
13891	1.00
13930	96.00
13931	18.00
14006	15.00
14025	13.00
14027	42.00
14057	45.00
14098	10.00
14100	14.00
14107	2.00
14108	48.00
14122	45.00
14193	1.00
14252	5.00
14256	3.00
14262	12.00
14307	5.00
14321	41.00
14457	15.00
14487	3.00
14489	2.00
14492	18.00
14520	49.00
14524	23.00
14543	4.00
14570	16.00
14574	17.00
14576	60.00
14588	2.00
14633	11.00
14635	3.00
14674	13.00
14679	8.00
14683	37.00
14685	16.00
14689	13.00
14696	155.00
14698	15.00
14709	11.00
14711	27.00
14730	25.00
14747	38.00
14771	20.00
14783	29.00
14794	9.00
14814	1.00
14828	3.00
14831	3.00
14842	4.00
14843	132.00
14869	3.00
14893	2.00
14905	22.00
14908	1.00
14952	1.00
14960	14.00
14986	178.00
15016	20.00
15024	3.00
15027	4.00
15041	27.00
15070	41.00
15096	44.00
15249	34.00
15295	37.00
15304	1.00
15323	56.00
15356	22.00
15370	88.00
15376	56.00
15380	76.00
15389	7.00
15401	12.00
15411	56.00
15412	2.00
15607	50.00
15624	8.00
15919	33.00
15991	41.00
16218	1.00
