10135	13.00
10136	29.00
10140	3.00
10141	22.00
10146	12.00
10155	13.00
10157	87.00
10158	10.00
10170	76.00
10185	55.00
10208	246.00
10257	12.00
10268	154.00
10279	1.00
10299	31.00
10372	37.00
10397	51.00
10408	96.00
10423	2.00
10431	75.00
10434	11.00
10469	122.00
10529	11.00
10561	96.00
10599	3.00
10620	5.00
10627	17.00
10631	2.00
10666	3.00
10685	3.00
10693	148.00
10713	8.00
10721	2.00
10728	18.00
10731	187.00
10732	5.00
10739	6.00
10747	11.00
10754	26.00
10779	9.00
10781	16.00
10785	5.00
10792	5.00
10800	6.00
10821	13.00
10849	24.00
10868	48.00
10874	16.00
10926	1.00
10930	138.00
10980	17.00
10990	62.00
10994	22.00
11003	40.00
11013	123.00
11041	16.00
11042	118.00
11049	16.00
11057	13.00
11066	4.00
11067	30.00
11076	59.00
11097	1.00
11109	38.00
11111	380.00
11122	98.00
11140	3.00
11146	6.00
11150	31.00
11193	65.00
11203	2.00
11252	2.00
11259	26.00
11267	71.00
11274	12.00
11278	12.00
11292	8.00
11298	4.00
11308	45.00
11315	5.00
11337	177.00
11413	4.00
11423	8.00
11433	16.00
11447	114.00
11471	264.00
11481	19.00
11503	3.00
11525	59.00
11537	17.00
11540	104.00
11577	5.00
11587	35.00
11603	5.00
11612	12.00
11618	4.00
11624	3.00
11630	2.00
11637	48.00
11638	3.00
11641	10.00
11648	40.00
11695	112.00
11697	14.00
11721	27.00
11775	51.00
11778	13.00
11823	11.00
11865	28.00
11884	17.00
11898	2.00
11905	42.00
11921	5.00
11953	17.00
11973	11.00
11977	2.00
11980	38.00
11982	8.00
11986	3.00
11995	15.00
11996	37.00
12003	4.00
12007	11.00
12016	4.00
12094	20.00
12129	18.00
12173	23.00
12191	37.00
12197	76.00
12206	36.00
12217	13.00
12264	36.00
12265	38.00
12266	21.00
12278	93.00
12280	15.00
12323	95.00
12335	114.00
12339	6.00
12343	33.00
12389	10.00
12391	36.00
12402	2.00
12441	6.00
12448	56.00
12451	16.00
12478	22.00
12511	32.00
12519	5.00
12523	5.00
12758	23.00
12819	4.00
12884	37.00
12888	161.00
12889	9.00
12891	45.00
12892	7.00
12896	10.00
12898	94.00
12915	22.00
12945	20.00
12951	15.00
12953	19.00
12954	8.00
12982	28.00
12992	2.00
13029	3.00
13061	5.00
13076	68.00
13158	46.00
13184	6.00
13198	44.00
13204	17.00
13230	4.00
13232	15.00
13241	11.00
13244	8.00
13256	1.00
13264	8.00
13277	11.00
13290	4.00
13296	47.00
13303	1.00
13342	15.00
13344	14.00
13360	3.00
13367	5.00
13377	115.00
13422	34.00
13433	2.00
13476	32.00
13485	13.00
13487	53.00
13495	21.00
13502	32.00
13577	12.00
13795	33.00
13796	31.00
13830	1.00
13851	4.00
13871	57.00
13873	14.00
13891	8.00
13930	7.00
13931	2.00
14006	15.00
14025	13.00
14027	6.00
14057	7.00
14098	16.00
14100	8.00
14107	28.00
14108	135.00
14109	14.00
14113	2.00
14122	7.00
14150	5.00
14193	10.00
14252	55.00
14256	19.00
14262	4.00
14288	15.00
14307	1.00
14321	41.00
14457	7.00
14487	3.00
14489	98.00
14492	37.00
14520	49.00
14524	50.00
14543	12.00
14570	12.00
14574	17.00
14576	163.00
14588	10.00
14633	8.00
14635	116.00
14674	13.00
14679	19.00
14683	38.00
14685	24.00
14689	18.00
14696	1.00
14698	6.00
14711	6.00
14730	7.00
14747	58.00
14771	283.00
14783	15.00
14794	8.00
14814	32.00
14828	81.00
14831	22.00
14842	15.00
14843	15.00
14869	31.00
14893	126.00
14905	22.00
14908	14.00
14952	1.00
14960	5.00
14986	5.00
15008	1.00
15016	35.00
15024	21.00
15027	12.00
15041	27.00
15070	41.00
15096	29.00
15249	13.00
15295	7.00
15304	6.00
15323	78.00
15356	14.00
15370	88.00
15376	17.00
15380	6.00
15389	4.00
15411	130.00
15412	31.00
15582	7.00
15607	50.00
15624	1.00
15841	31.00
15919	8.00
15991	41.00
16218	3.00
